16.566297492848737 9.7520465829965 0.7857904620023912
30.707812324562088 8.439034019967975 0.029068016173641742
40.09911024488245 7.5313533535303225 0.38065970892319323 
38.33939256768364 7.409130202098588 0.37094568340175904
89.19753075998418 2.4483619468168927 0.42964248176971376
16.32168793616828 0.4801885100698311 0.48759446144956886
53.5735704922247 9.079461504922401 0.07555282672387698
45.504087382224455 6.219309107774031 0.6217553116897621
1.675547840771563 3.6961635058840194 0.46770791431568803
75.09533839483505 1.2638875841656139 0.19286167002387333
99.49471964500654 6.209954732825583 0.8115349639893786
30.592007807226885 1.9072203481640793 0.37803661152617163
20.127836650487406 1.0937149461533868 0.2712449672281799
62.708662304415995 9.795891532348652 0.7027864124851004
47.129040841069745 3.5573403806601664 0.4538256166944641
98.02301174225228 3.3273267741555035 0.049480063968188825
98.56803029964667 8.708406017305869 0.06138010733856836
38.36402177527921 5.4766365289855266 0.6461135437146587
99.12080981916247 0.8894134973125212 0.528158633085018
55.77097606295788 9.331451350977897 0.18639155342370528
32.41141369676808 6.999078385247115 0.3940807227898254
3.3844867742151563 1.1187020390249114 0.08661184270790867
39.20306842557261 7.6997433344451505 0.02357907885925048
33.04740320458972 6.829765771377636 0.3997239636904021
92.73322811850674 2.801931533657538 0.01911391183354716
67.78843377066255 1.2211817050154739 0.7528674729699262
61.38193958750574 4.98263055332699 0.6830693424207234
4.222194445035732 9.270239160956576 0.1143384779042601
77.60615080010112 6.841546361114758 0.851044658165473
43.42944581420208 3.3825625240223047 0.413773313841992
2.0314255382542945 9.943392400103209 0.07236457617066039
37.35263257385112 7.489617002067222 0.7229866699333387
43.39287422351293 7.867895995146545 0.3971143771295892
16.812664777576426 0.7586144879740908 0.2380932335979089
56.35782878115118 6.405286576065529 0.10554534234373869
70.32994241061199 5.8810139575142015 0.02982696872692525
98.55202554177468 4.303847399760336 0.7828872701667389
25.102862356079193 1.5876340968127556 0.2342804860221983
58.76138522164391 6.6743082382087815 0.014472475067332624
67.39595551180507 7.491183043701536 0.7432095016637168
51.744670120810966 1.3519829861719024 0.3200046006063759
97.59084246700563 3.284109697619227 0.9390940595645161
59.75061732499357 0.5929794399006494 0.1344566932421679
30.325251766499917 6.786878772320488 0.37536905111890195
86.9395823211811 2.451895247688418 0.9450956424550738
45.22516217295271 8.96485454524449 0.9748691177736085
30.925407075323452 6.64264890565679 0.658714414948062
24.268086910224962 8.690874581224012 0.9668206947608674
82.77726176659986 4.377390681921135 0.9027557678304605
59.510772420413396 4.799096958494342 0.555426772190357
6.553537058964409 0.6535977150200312 0.23224980845716148
62.585948500454656 9.78362030096413 0.16567660680617657
45.15129250595646 5.241633846899283 0.9891800992294366
1.514797078695973 1.820380077421181 0.650279636278683
76.61871749963234 1.1546480609113319 0.3060042967979535
45.78728201377812 8.103753652296476 0.974040458385427
37.015840965338995 7.459521112104208 0.35054367030539846
6.194434483852074 4.144469048315483 0.3891885138346436
80.97158019649558 8.06673615969078 0.8846989521294176
42.836093142000124 7.808634765118676 0.9653114514122333
39.70320453124025 8.416242051961444 0.4462157642911221
49.45718605793831 3.793738322246835 0.5702716500203235
77.49458851651946 7.539874192341285 0.8492123811520167
60.08750933100462 5.086098794305299 0.6701250100533899
71.8266253526068 0.7112714060791547 0.25593342769593985
3.715006996327086 9.448848560837545 0.39019368504629726
60.428235436226764 9.564265872664754 0.4151369182827849
35.16954843998826 3.282287437482385 0.5184099222674
29.402256246093515 1.7918286119505533 0.3639891482830798
68.4987237982029 3.119669920054222 0.19712729073954238
4.115191256167005 9.306121214604676 0.11541840854849206
51.65101059740614 8.69012665967089 0.5857600525197275
85.7119872551728 7.422801563846869 0.8375051183025751
63.97491834245918 9.92251713615297 0.9870595650865001
64.61883329495595 8.127200279147367 0.907944989832625
43.21995429289256 5.2742448994565265 0.5014494745734305
60.49016421024555 5.1299477021292015 0.6748682279246002
94.1128558570444 2.9363110366231036 0.9243804210318504
58.35091739937486 0.2738467969985059 0.21219096678787508
40.572627575025436 7.5822883574328195 0.4807094259147162
42.71140514653111 8.896224763830801 0.4970806372874558
0.9969835081865996 3.624723801737324 0.547637009251738
9.353495348951569 0.009114274223406271 0.4458618994937411
46.31319910578047 3.708667771782883 0.6298464140241609
39.5756117913744 7.4861700499559145 0.4485230928795011
31.771650902516736 9.77704628545914 0.14495297768873106
53.530919478258554 9.791847004886876 0.07727624931481258
80.65507665444265 6.913527381897268 0.9503323601344382
40.18468867293314 7.547077589100177 0.45461386169508855
74.26035709955232 6.503383720171679 0.8125701568176679
24.688507255617353 1.5426153158783729 0.3161350042006784
72.12111028868162 1.6544493568173813 0.34989289568094273
72.50991595064949 0.7796003168718113 0.7950657602298007
90.09652872051534 8.08700073325637 0.9766650766460937
63.00606259891961 2.8190830420510893 0.3542004516478139
26.478756684945846 6.402229413176693 0.8074712755593252
3.6379765367560157 3.892406226470854 0.10634635118970481
76.51167770627832 1.1761932215464954 0.3027839363314939
5.364397699644763 7.132737694283744 0.89808007141756
74.24630203285075 6.272649919738078 0.09192337942449613
